Date: 2019-05-26 17:21:39.769639, Top album: kabir-singh-2019-free-mp3-songs-download Album count: 3778
Date: 2019-05-26 17:36:12.335347, Top album: kabir-singh-2019-free-mp3-songs-download Album count: 3778 
