Date: 2019-05-27 00:54:51.782321, Top album: kabir-singh-2019-free-mp3-songs-download Album count: 3778
Date: 2019-05-27 23:23:18.765582, Top album: bharat-2019-mp3-songs-download Album count: 3778
Date: 2019-05-27 23:32:45.266352, Top album: kabir-singh-2019-free-mp3-songs-download Album count: 3778 
Date: 2019-05-28 02:08:50.258264, Top album: kabir-singh-2019-free-mp3-songs-download Album count: 3778 
